34,13
34,14
34,49
34,736
34,735
0,564
34,734
34,834
34,62
35,409
0,562
34,733
34,732
35,47
35,46
35,45
35,20
0,561
33,130
33,129
33,191
33,190
33,189
33,188
33,187
33,186
33,185
33,184
33,183
33,182
33,181
33,180
33,179
33,178
33,177
33,176
33,175
33,174
33,173
33,172
33,171
33,170
33,169
33,168
33,167
33,166
33,165
33,164
33,163
33,162
33,161
33,160
33,159
33,158
33,157
33,156
33,155
33,154
33,153
33,152
33,151
33,150
33,149
33,148
33,147
33,146
33,145
33,144
33,143
33,142
33,141
0,560
42,36
42,35
34,591
34,590
34,589
34,588
34,587
34,586
34,585
34,584
34,583
34,582
34,581
34,580
34,579
34,578
34,577
34,576
34,575
34,574
34,573
34,572
34,571
34,570
34,569
34,568
34,567
34,566
34,565
34,564
34,563
34,562
34,561
18,1
34,560
18,3
34,559
34,558
34,557
34,556
34,555
34,554
34,553
34,552
34,551
14,1
34,550
14,4
34,549
14,3
34,548
34,547
13,1
34,546
13,3
34,545
34,544
34,543
34,542
34,541
34,540
34,539
34,538
34,537
34,536
34,535
34,534
34,533
34,532
34,531
34,530
34,529
34,528
34,527
34,526
34,525
34,524
34,523
34,522
34,521
34,520
34,511
34,510
34,509
34,508
34,507
34,506
34,505
34,504
34,503
34,502
34,501
34,500
34,499
34,498
34,497
34,496
34,495
34,494
34,493
34,492
34,491
34,490
34,489
34,488
34,487
34,486
34,485
34,484
34,483
34,482
34,481
34,480
34,479
34,430
34,429
34,428
34,427
34,426
34,425
34,424
34,423
34,422
34,421
34,420
34,419
34,418
34,417
34,416
34,415
34,414
34,413
34,412
34,411
34,410
34,409
34,408
34,407
34,406
34,405
34,404
34,403
34,402
34,401
34,400
34,399
34,398
34,397
34,396
34,395
34,394
34,393
34,392
34,391
34,390
34,389
34,388
34,387
34,386
34,385
34,63
34,61
34,60
34,58
34,57
34,53
34,52
2,2
2,1
34,48
2,3
34,45
34,29
34,27
34,1
0,0
42,34
42,33
42,32
42,31
42,30
42,29
42,28
42,27
42,26
42,25
42,24
42,23
42,22
42,21
42,20
42,19
42,18
42,17
42,16
42,15
42,14
42,13
42,12
42,11
42,10
42,9
42,8
42,7
42,6
42,5
42,4
42,3
42,2
42,0
0,276
